00000000000000000000
00000000000000000000
00000000000000000000
00000000000000000000
00000000000000000000
00000000000000000000
00000000000000000000
00000000000000000000
00000000000000000000
00000000000000000000
00000000000000000000
00000000000000000000
00000000000000000000
00000000000000000000
00000000000000000000
00000000000000000000
00000000000000000000
00000000000000000000
00000000000000000000
00000000000000000000

00000000999911111111
00000000999911111111
00000000999911111111
00000000999911111111
00000000999911111111
00000000999911111111
00000000999911111111
00000000999911111111
00000000999911111111
00000000999911111111
00000000999911111111
00000000999911111111
00000000999911111111
00000000999911111111
00000000999911111111
00000000999911111111
00000000999911111111
00000000999911111111
00000000999911111111
00000000999911111111