000000000000000000000000000000
000000000000000000000000000000
000000000000000000000000000000
000000000000000000000000000000
000000000000000000000000000000
000000000000000000000000000000
000000000000000000000000000000
000000000000000000000000000000
000000000000000000000000000000
000000000000000000000000000000
000000000000000000000000000000
000000000000000000000000000000
000000000000000000000000000000
000000000000000000000000000000
000000000000000000000000000000
000000000000000000000000000000
000000000000000000000000000000
000000000000000000000000000000
000000000000000000000000000000
000000000000000000000000000000
000000000000000000000000000000
000000000000000000000000000000
000000000000000000000000000000
000000000000000000000000000000
000000000000000000000000000000
000000000000000000000000000000
000000000000000000000000000000
000000000000000000000000000000
000000000000000000000000000000
000000000000000000000000000000


000000000000000111111111111111
000000000000000111111111111111
000000000000000111111111111111
000000000000000111111111111111
000000000000000111111111111111
000000000000000111111111111111
000000000000000111111111111111
000000000000000111111111111111
000000000000000111111111111111
000000000000000111111111111111
000000000000000111111111111111
000000000000000111111111111111
000000000000000111111111111111
000000000000002211111111111111
000000000000022221111111111111
000000000000222222111111111111
000000000002222222211111111111
000000000022222222221111111111
000000000222222222222111111111
000000002222222222222211111111
000000022222222222222221111111
000000222222222222222222111111
000002222222222222222222211111
000022222222222222222222221111
000222222222222222222222222111
002222222222222222222222222211
022222222222222222222222222221
222222222222222222222222222222
222222222222222222222222222222
222222222222222222222222222222
