0000000000000000000000000000000000000000
0000000000000000000000000000000000000000
0000000000000000000000000000000000000000
0000000000000000000000000000000000000000
0000000000000000000000000000000000000000
0000000000000000000000000000000000000000
0000000000000000000000000000000000000000
0000000000000000000000000000000000000000
0000000000000000000000000000000000000000
0000000000000000000000000000000000000000
0000000000000000000000000000000000000000
0000000000000000000000000000000000000000
0000000000000000000000000000000000000000
0000000000000000000000000000000000000000
0000000000000000000000000000000000000000
0000000000000000000000000000000000000000
0000000000000000000000000000000000000000
0000000000000000000000000000000000000000
0000000000000000000000000000000000000000
0000000000000000000000000000000000000000
0000000000000000000000000000000000000000
0000000000000000000000000000000000000000
0000000000000000000000000000000000000000
0000000000000000000000000000000000000000
0000000000000000000000000000000000000000
0000000000000000000000000000000000000000
0000000000000000000000000000000000000000
0000000000000000000000000000000000000000
0000000000000000000000000000000000000000
0000000000000000000000000000000000000000
0000000000000000000000000000000000000000
0000000000000000000000000000000000000000
0000000000000000000000000000000000000000
0000000000000000000000000000000000000000
0000000000000000000000000000000000000000
0000000000000000000000000000000000000000
0000000000000000000000000000000000000000
0000000000000000000000000000000000000000
0000000000000000000000000000000000000000
0000000000000000000000000000000000000000




9999999999999999999999999999999999999999
9999999999999990000000000999999999999999
9999999999999990000000000999999999999999
9999999999999990000000000999999999999999
9999999999999990000000000999999999999999
9999999999999990000000000999999999999999
9999999999999990000000000999999999999999
9999999999999990000000000999999999999999
9999999999999990000000000999999999999999
9999999999999990000000000999999999999999
9999999999999990000000000999999999999999
9999999999999999999999999999999999999999
1111111111999999999999999999994444444444
1111111111999999999999999999994444444444
1111111111999999999999999999994444444444
1111111111999999999999999999994444444444
1111111111999999999999999999994444444444
1111111111999999999999999999994444444444
1111111111999999999999999999994444444444
1111111111999999999999999999994444444444
1111111111999999999999999999994444444444
1111111111999999999999999999994444444444
9999999999999999999999999999999999999999
9999999999999999999999999999999999999999
9999999999999999999999999999999999999999
9999999999999999999999999999999999999999
9999999999999999999999999999999999999999
9999999999999999999999999999999999999999
9999999999999999999999999999999999999999
9999992222222222999999933333333339999999
9999992222222222999999933333333339999999
9999992222222222999999933333333339999999
9999992222222222999999933333333339999999
9999992222222222999999933333333339999999
9999992222222222999999933333333339999999
9999992222222222999999933333333339999999
9999992222222222999999933333333339999999
9999992222222222999999933333333339999999
9999992222222222999999933333333339999999
9999999999999999999999999999999999999999
